proj:       1
zone:       33
north:      5360000
south:      5270000
east:       540000
west:       450000
cols:       600
rows:       600
e-w resol:  150
n-s resol:  150
top:        1.000000000000000
bottom:     0.000000000000000
cols3:      90000
rows3:      90000
depths:     1
e-w resol3: 1
n-s resol3: 1
t-b resol:  1
